87 6011
92 94
60 78
88 78
91 69
96 46
30 58
80 24
59 24
92 21
17 45
48 33
23 52
67 64
90 88
26 12
47 84
22 21
50 45
80 92
25 69
28 72
36 33
9 48
52 66
72 84
98 51
54 58
97 29
26 48
88 99
18 93
25 60
89 44
44 24
75 63
28 14
24 43
75 59
6 31
81 6
76 64
99 65
7 52
23 84
76 25
23 96
14 80
37 28
18 41
14 63
72 98
100 100
83 56
88 54
76 45
72 86
79 30
19 31
10 11
19 64
86 40
47 8
7 18
85 26
96 15
84 30
11 14
8 60
70 99
3 51
69 5
26 49
78 85
76 5
11 2
35 13
51 25
98 5
68 59
63 99
35 56
97 73
16 3
58 20
11 15
95 66
48 32
