96 4994
93 52
62 29
83 96
76 37
30 59
76 79
48 98
89 72
61 67
16 79
68 98
59 1
17 45
60 3
72 28
19 89
61 79
14 46
6 53
36 9
77 7
9 14
55 36
49 90
8 98
14 91
55 52
46 47
100 9
47 82
16 77
2 95
69 27
1 7
55 91
80 100
6 13
94 4
77 89
21 84
30 40
59 4
67 16
48 4
21 27
92 40
95 61
3 11
92 99
25 77
97 30
11 24
93 49
39 72
14 22
83 13
65 59
25 1
92 20
2 33
99 47
88 41
8 44
12 28
96 18
100 60
39 54
65 57
1 3
33 91
34 29
38 31
67 98
66 7
54 2
74 88
44 29
13 56
96 86
15 23
27 86
17 99
54 79
39 64
15 43
6 33
77 8
87 43
13 85
13 85
13 60
91 45
46 17
22 98
63 20
91 71
