88 7926
45 92
72 89
28 2
29 34
95 15
81 70
79 47
69 63
65 1
7 31
62 57
83 56
97 32
2 87
25 41
85 76
52 25
48 59
65 86
95 94
70 40
17 97
29 36
76 34
92 9
24 22
34 39
83 84
32 73
72 69
72 4
62 39
73 74
32 25
43 92
95 31
61 2
87 31
51 2
45 67
53 28
65 42
5 62
8 52
71 72
68 52
64 57
38 13
47 86
75 56
68 90
27 21
34 55
91 90
42 100
26 36
34 71
5 49
82 49
77 18
46 92
69 98
83 92
97 70
11 69
47 70
55 60
100 36
87 41
16 76
9 91
37 40
89 74
9 88
89 69
15 37
51 54
73 13
95 42
59 74
27 25
6 69
36 91
21 16
11 92
72 72
4 46
67 83
